
        <!DOCTYPE html>
        <html lang="en">
        <head>
            <style>
                body {
                    font-family: 'Open Sans', sans-serif;
                }
            </style>
        </head>
        <body>
        <center><h1> ANOVA Results</h1></center><h3>P-value: 0.47</h3>(With significance level = 0.05)<br>We don't reject the null hypothesis. We don't have statistically significant evidence that the means of each group aren't the same.

<h3>F-statistic: 0.967</h3>A larger F-statistic means more difference between groups.<br>An F-stat of 0.967 means that the variance between <b>sample means</b> is 0.97 times larger than the <b>variance within samples</b>.<center><h1>Grading progress</h1></center><div>                        <script type="text/javascript">window.PlotlyConfig = {MathJaxConfig: 'local'};</script>
        <script src="https://cdn.plot.ly/plotly-2.6.3.min.js"></script>                <div id="ba2c41e0-0e8a-4111-9ede-9665e9d89bf4" class="plotly-graph-div" style="height:100%; width:100%;"></div>            <script type="text/javascript">                                    window.PLOTLYENV=window.PLOTLYENV || {};                                    if (document.getElementById("ba2c41e0-0e8a-4111-9ede-9665e9d89bf4")) {                    Plotly.newPlot(                        "ba2c41e0-0e8a-4111-9ede-9665e9d89bf4",                        [{"cells":{"fill":{"color":[["rgba(55, 174, 255, 0.6)","rgba(255, 114, 183, 0.6)","rgba(33, 200, 33, 0.6)","rgba(255, 15, 15, 0.6)","rgba(255, 26, 255, 0.6)","rgba(40, 50, 50, 0.6)","rgba(218, 154, 0, 0.6)","rgba(140, 15, 160, 0.6)","rgba(255, 122, 70, 0.6)","rgba(97, 33, 255, 0.6)","rgba(0, 192, 166, 0.6)"],["rgb(179, 223, 114)","rgb(179, 223, 114)","rgb(179, 223, 114)","rgb(179, 223, 114)","rgb(179, 223, 114)","rgb(179, 223, 114)","rgb(179, 223, 114)","rgb(179, 223, 114)","rgb(179, 223, 114)","rgb(179, 223, 114)","rgb(179, 223, 114)"],["rgb(208, 235, 244)","rgb(144, 195, 221)","rgb(251, 161, 91)","rgb(253, 194, 116)","rgb(230, 78, 53)","rgb(122, 177, 211)","rgb(236, 248, 225)","rgb(208, 235, 244)","rgb(254, 204, 125)","rgb(93, 145, 195)","rgb(248, 141, 82)"],["rgb(254, 199, 120)","rgb(116, 173, 209)","rgb(253, 174, 97)","rgb(246, 122, 73)","rgb(254, 209, 130)","rgb(254, 224, 144)","rgb(254, 227, 149)","rgb(230, 78, 53)","rgb(248, 135, 79)","rgb(93, 145, 195)","rgb(247, 128, 76)"]]},"values":[["Section A","Section B","Section C","Section D","Section E","Section F","Section G","Section H","Section I","Section J","Section K"],[5.39,5.37,5.68,5.41,5.61,5.37,5.5,5.39,5.65,5.56,5.72],[8.06,8.74,6.05,6.41,5.28,8.95,7.64,8.06,6.53,9.28,5.89],[317.33,680.37,271.74,205.59,332.0,354.95,365.43,148.22,223.0,716.06,220.67]]},"header":{"values":["Section ID","Scores per student","Comments per student","Words of comments per student"]},"type":"table"}],                        {"template":{"data":{"bar":[{"error_x":{"color":"#2a3f5f"},"error_y":{"color":"#2a3f5f"},"marker":{"line":{"color":"#E5ECF6","width":0.5},"pattern":{"fillmode":"overlay","size":10,"solidity":0.2}},"type":"bar"}],"barpolar":[{"marker":{"line":{"color":"#E5ECF6","width":0.5},"pattern":{"fillmode":"overlay","size":10,"solidity":0.2}},"type":"barpolar"}],"carpet":[{"aaxis":{"endlinecolor":"#2a3f5f","gridcolor":"white","linecolor":"white","minorgridcolor":"white","startlinecolor":"#2a3f5f"},"baxis":{"endlinecolor":"#2a3f5f","gridcolor":"white","linecolor":"white","minorgridcolor":"white","startlinecolor":"#2a3f5f"},"type":"carpet"}],"choropleth":[{"colorbar":{"outlinewidth":0,"ticks":""},"type":"choropleth"}],"contour":[{"colorbar":{"outlinewidth":0,"ticks":""},"colorscale":[[0.0,"#0d0887"],[0.1111111111111111,"#46039f"],[0.2222222222222222,"#7201a8"],[0.3333333333333333,"#9c179e"],[0.4444444444444444,"#bd3786"],[0.5555555555555556,"#d8576b"],[0.6666666666666666,"#ed7953"],[0.7777777777777778,"#fb9f3a"],[0.8888888888888888,"#fdca26"],[1.0,"#f0f921"]],"type":"contour"}],"contourcarpet":[{"colorbar":{"outlinewidth":0,"ticks":""},"type":"contourcarpet"}],"heatmap":[{"colorbar":{"outlinewidth":0,"ticks":""},"colorscale":[[0.0,"#0d0887"],[0.1111111111111111,"#46039f"],[0.2222222222222222,"#7201a8"],[0.3333333333333333,"#9c179e"],[0.4444444444444444,"#bd3786"],[0.5555555555555556,"#d8576b"],[0.6666666666666666,"#ed7953"],[0.7777777777777778,"#fb9f3a"],[0.8888888888888888,"#fdca26"],[1.0,"#f0f921"]],"type":"heatmap"}],"heatmapgl":[{"colorbar":{"outlinewidth":0,"ticks":""},"colorscale":[[0.0,"#0d0887"],[0.1111111111111111,"#46039f"],[0.2222222222222222,"#7201a8"],[0.3333333333333333,"#9c179e"],[0.4444444444444444,"#bd3786"],[0.5555555555555556,"#d8576b"],[0.6666666666666666,"#ed7953"],[0.7777777777777778,"#fb9f3a"],[0.8888888888888888,"#fdca26"],[1.0,"#f0f921"]],"type":"heatmapgl"}],"histogram":[{"marker":{"pattern":{"fillmode":"overlay","size":10,"solidity":0.2}},"type":"histogram"}],"histogram2d":[{"colorbar":{"outlinewidth":0,"ticks":""},"colorscale":[[0.0,"#0d0887"],[0.1111111111111111,"#46039f"],[0.2222222222222222,"#7201a8"],[0.3333333333333333,"#9c179e"],[0.4444444444444444,"#bd3786"],[0.5555555555555556,"#d8576b"],[0.6666666666666666,"#ed7953"],[0.7777777777777778,"#fb9f3a"],[0.8888888888888888,"#fdca26"],[1.0,"#f0f921"]],"type":"histogram2d"}],"histogram2dcontour":[{"colorbar":{"outlinewidth":0,"ticks":""},"colorscale":[[0.0,"#0d0887"],[0.1111111111111111,"#46039f"],[0.2222222222222222,"#7201a8"],[0.3333333333333333,"#9c179e"],[0.4444444444444444,"#bd3786"],[0.5555555555555556,"#d8576b"],[0.6666666666666666,"#ed7953"],[0.7777777777777778,"#fb9f3a"],[0.8888888888888888,"#fdca26"],[1.0,"#f0f921"]],"type":"histogram2dcontour"}],"mesh3d":[{"colorbar":{"outlinewidth":0,"ticks":""},"type":"mesh3d"}],"parcoords":[{"line":{"colorbar":{"outlinewidth":0,"ticks":""}},"type":"parcoords"}],"pie":[{"automargin":true,"type":"pie"}],"scatter":[{"marker":{"colorbar":{"outlinewidth":0,"ticks":""}},"type":"scatter"}],"scatter3d":[{"line":{"colorbar":{"outlinewidth":0,"ticks":""}},"marker":{"colorbar":{"outlinewidth":0,"ticks":""}},"type":"scatter3d"}],"scattercarpet":[{"marker":{"colorbar":{"outlinewidth":0,"ticks":""}},"type":"scattercarpet"}],"scattergeo":[{"marker":{"colorbar":{"outlinewidth":0,"ticks":""}},"type":"scattergeo"}],"scattergl":[{"marker":{"colorbar":{"outlinewidth":0,"ticks":""}},"type":"scattergl"}],"scattermapbox":[{"marker":{"colorbar":{"outlinewidth":0,"ticks":""}},"type":"scattermapbox"}],"scatterpolar":[{"marker":{"colorbar":{"outlinewidth":0,"ticks":""}},"type":"scatterpolar"}],"scatterpolargl":[{"marker":{"colorbar":{"outlinewidth":0,"ticks":""}},"type":"scatterpolargl"}],"scatterternary":[{"marker":{"colorbar":{"outlinewidth":0,"ticks":""}},"type":"scatterternary"}],"surface":[{"colorbar":{"outlinewidth":0,"ticks":""},"colorscale":[[0.0,"#0d0887"],[0.1111111111111111,"#46039f"],[0.2222222222222222,"#7201a8"],[0.3333333333333333,"#9c179e"],[0.4444444444444444,"#bd3786"],[0.5555555555555556,"#d8576b"],[0.6666666666666666,"#ed7953"],[0.7777777777777778,"#fb9f3a"],[0.8888888888888888,"#fdca26"],[1.0,"#f0f921"]],"type":"surface"}],"table":[{"cells":{"fill":{"color":"#EBF0F8"},"line":{"color":"white"}},"header":{"fill":{"color":"#C8D4E3"},"line":{"color":"white"}},"type":"table"}]},"layout":{"annotationdefaults":{"arrowcolor":"#2a3f5f","arrowhead":0,"arrowwidth":1},"autotypenumbers":"strict","coloraxis":{"colorbar":{"outlinewidth":0,"ticks":""}},"colorscale":{"diverging":[[0,"#8e0152"],[0.1,"#c51b7d"],[0.2,"#de77ae"],[0.3,"#f1b6da"],[0.4,"#fde0ef"],[0.5,"#f7f7f7"],[0.6,"#e6f5d0"],[0.7,"#b8e186"],[0.8,"#7fbc41"],[0.9,"#4d9221"],[1,"#276419"]],"sequential":[[0.0,"#0d0887"],[0.1111111111111111,"#46039f"],[0.2222222222222222,"#7201a8"],[0.3333333333333333,"#9c179e"],[0.4444444444444444,"#bd3786"],[0.5555555555555556,"#d8576b"],[0.6666666666666666,"#ed7953"],[0.7777777777777778,"#fb9f3a"],[0.8888888888888888,"#fdca26"],[1.0,"#f0f921"]],"sequentialminus":[[0.0,"#0d0887"],[0.1111111111111111,"#46039f"],[0.2222222222222222,"#7201a8"],[0.3333333333333333,"#9c179e"],[0.4444444444444444,"#bd3786"],[0.5555555555555556,"#d8576b"],[0.6666666666666666,"#ed7953"],[0.7777777777777778,"#fb9f3a"],[0.8888888888888888,"#fdca26"],[1.0,"#f0f921"]]},"colorway":["#636efa","#EF553B","#00cc96","#ab63fa","#FFA15A","#19d3f3","#FF6692","#B6E880","#FF97FF","#FECB52"],"font":{"color":"#2a3f5f"},"geo":{"bgcolor":"white","lakecolor":"white","landcolor":"#E5ECF6","showlakes":true,"showland":true,"subunitcolor":"white"},"hoverlabel":{"align":"left"},"hovermode":"closest","mapbox":{"style":"light"},"paper_bgcolor":"white","plot_bgcolor":"#E5ECF6","polar":{"angularaxis":{"gridcolor":"white","linecolor":"white","ticks":""},"bgcolor":"#E5ECF6","radialaxis":{"gridcolor":"white","linecolor":"white","ticks":""}},"scene":{"xaxis":{"backgroundcolor":"#E5ECF6","gridcolor":"white","gridwidth":2,"linecolor":"white","showbackground":true,"ticks":"","zerolinecolor":"white"},"yaxis":{"backgroundcolor":"#E5ECF6","gridcolor":"white","gridwidth":2,"linecolor":"white","showbackground":true,"ticks":"","zerolinecolor":"white"},"zaxis":{"backgroundcolor":"#E5ECF6","gridcolor":"white","gridwidth":2,"linecolor":"white","showbackground":true,"ticks":"","zerolinecolor":"white"}},"shapedefaults":{"line":{"color":"#2a3f5f"}},"ternary":{"aaxis":{"gridcolor":"white","linecolor":"white","ticks":""},"baxis":{"gridcolor":"white","linecolor":"white","ticks":""},"bgcolor":"#E5ECF6","caxis":{"gridcolor":"white","linecolor":"white","ticks":""}},"title":{"x":0.05},"xaxis":{"automargin":true,"gridcolor":"white","linecolor":"white","ticks":"","title":{"standoff":15},"zerolinecolor":"white","zerolinewidth":2},"yaxis":{"automargin":true,"gridcolor":"white","linecolor":"white","ticks":"","title":{"standoff":15},"zerolinecolor":"white","zerolinewidth":2}}},"updatemenus":[{"buttons":[{"args":[{"cells":{"values":[["Section A","Section B","Section C","Section D","Section E","Section F","Section G","Section H","Section I","Section J","Section K"],[5.39,5.37,5.68,5.41,5.61,5.37,5.5,5.39,5.65,5.56,5.72],[8.06,8.74,6.05,6.41,5.28,8.95,7.64,8.06,6.53,9.28,5.89],[317.33,680.37,271.74,205.59,332.0,354.95,365.43,148.22,223.0,716.06,220.67]],"fill":{"color":[["rgba(55, 174, 255, 0.6)","rgba(255, 114, 183, 0.6)","rgba(33, 200, 33, 0.6)","rgba(255, 15, 15, 0.6)","rgba(255, 26, 255, 0.6)","rgba(40, 50, 50, 0.6)","rgba(218, 154, 0, 0.6)","rgba(140, 15, 160, 0.6)","rgba(255, 122, 70, 0.6)","rgba(97, 33, 255, 0.6)","rgba(0, 192, 166, 0.6)"],["rgb(179, 223, 114)","rgb(179, 223, 114)","rgb(179, 223, 114)","rgb(179, 223, 114)","rgb(179, 223, 114)","rgb(179, 223, 114)","rgb(179, 223, 114)","rgb(179, 223, 114)","rgb(179, 223, 114)","rgb(179, 223, 114)","rgb(179, 223, 114)"],["rgb(208, 235, 244)","rgb(144, 195, 221)","rgb(251, 161, 91)","rgb(253, 194, 116)","rgb(230, 78, 53)","rgb(122, 177, 211)","rgb(236, 248, 225)","rgb(208, 235, 244)","rgb(254, 204, 125)","rgb(93, 145, 195)","rgb(248, 141, 82)"],["rgb(254, 199, 120)","rgb(116, 173, 209)","rgb(253, 174, 97)","rgb(246, 122, 73)","rgb(254, 209, 130)","rgb(254, 224, 144)","rgb(254, 227, 149)","rgb(230, 78, 53)","rgb(248, 135, 79)","rgb(93, 145, 195)","rgb(247, 128, 76)"]]}}},[0]],"label":"Sort by section ID","method":"restyle"},{"args":[{"cells":{"values":[["Section B","Section F","Section A","Section H","Section D","Section G","Section J","Section E","Section I","Section C","Section K"],[5.37,5.37,5.39,5.39,5.41,5.5,5.56,5.61,5.65,5.68,5.72],[8.74,8.95,8.06,8.06,6.41,7.64,9.28,5.28,6.53,6.05,5.89],[680.37,354.95,317.33,148.22,205.59,365.43,716.06,332.0,223.0,271.74,220.67]],"fill":{"color":[["rgba(255, 114, 183, 0.6)","rgba(40, 50, 50, 0.6)","rgba(55, 174, 255, 0.6)","rgba(140, 15, 160, 0.6)","rgba(255, 15, 15, 0.6)","rgba(218, 154, 0, 0.6)","rgba(97, 33, 255, 0.6)","rgba(255, 26, 255, 0.6)","rgba(255, 122, 70, 0.6)","rgba(33, 200, 33, 0.6)","rgba(0, 192, 166, 0.6)"],["rgb(179, 223, 114)","rgb(179, 223, 114)","rgb(179, 223, 114)","rgb(179, 223, 114)","rgb(179, 223, 114)","rgb(179, 223, 114)","rgb(179, 223, 114)","rgb(179, 223, 114)","rgb(179, 223, 114)","rgb(179, 223, 114)","rgb(179, 223, 114)"],["rgb(144, 195, 221)","rgb(122, 177, 211)","rgb(208, 235, 244)","rgb(208, 235, 244)","rgb(253, 194, 116)","rgb(236, 248, 225)","rgb(93, 145, 195)","rgb(230, 78, 53)","rgb(254, 204, 125)","rgb(251, 161, 91)","rgb(248, 141, 82)"],["rgb(116, 173, 209)","rgb(254, 224, 144)","rgb(254, 199, 120)","rgb(230, 78, 53)","rgb(246, 122, 73)","rgb(254, 227, 149)","rgb(93, 145, 195)","rgb(254, 209, 130)","rgb(248, 135, 79)","rgb(253, 174, 97)","rgb(247, 128, 76)"]]}}},[0]],"label":"Sort by score count","method":"restyle"},{"args":[{"cells":{"values":[["Section E","Section K","Section C","Section D","Section I","Section G","Section A","Section H","Section B","Section F","Section J"],[5.61,5.72,5.68,5.41,5.65,5.5,5.39,5.39,5.37,5.37,5.56],[5.28,5.89,6.05,6.41,6.53,7.64,8.06,8.06,8.74,8.95,9.28],[332.0,220.67,271.74,205.59,223.0,365.43,317.33,148.22,680.37,354.95,716.06]],"fill":{"color":[["rgba(255, 26, 255, 0.6)","rgba(0, 192, 166, 0.6)","rgba(33, 200, 33, 0.6)","rgba(255, 15, 15, 0.6)","rgba(255, 122, 70, 0.6)","rgba(218, 154, 0, 0.6)","rgba(55, 174, 255, 0.6)","rgba(140, 15, 160, 0.6)","rgba(255, 114, 183, 0.6)","rgba(40, 50, 50, 0.6)","rgba(97, 33, 255, 0.6)"],["rgb(179, 223, 114)","rgb(179, 223, 114)","rgb(179, 223, 114)","rgb(179, 223, 114)","rgb(179, 223, 114)","rgb(179, 223, 114)","rgb(179, 223, 114)","rgb(179, 223, 114)","rgb(179, 223, 114)","rgb(179, 223, 114)","rgb(179, 223, 114)"],["rgb(230, 78, 53)","rgb(248, 141, 82)","rgb(251, 161, 91)","rgb(253, 194, 116)","rgb(254, 204, 125)","rgb(236, 248, 225)","rgb(208, 235, 244)","rgb(208, 235, 244)","rgb(144, 195, 221)","rgb(122, 177, 211)","rgb(93, 145, 195)"],["rgb(254, 209, 130)","rgb(247, 128, 76)","rgb(253, 174, 97)","rgb(246, 122, 73)","rgb(248, 135, 79)","rgb(254, 227, 149)","rgb(254, 199, 120)","rgb(230, 78, 53)","rgb(116, 173, 209)","rgb(254, 224, 144)","rgb(93, 145, 195)"]]}}},[0]],"label":"Sort by comment count","method":"restyle"},{"args":[{"cells":{"values":[["Section H","Section D","Section K","Section I","Section C","Section A","Section E","Section F","Section G","Section B","Section J"],[5.39,5.41,5.72,5.65,5.68,5.39,5.61,5.37,5.5,5.37,5.56],[8.06,6.41,5.89,6.53,6.05,8.06,5.28,8.95,7.64,8.74,9.28],[148.22,205.59,220.67,223.0,271.74,317.33,332.0,354.95,365.43,680.37,716.06]],"fill":{"color":[["rgba(140, 15, 160, 0.6)","rgba(255, 15, 15, 0.6)","rgba(0, 192, 166, 0.6)","rgba(255, 122, 70, 0.6)","rgba(33, 200, 33, 0.6)","rgba(55, 174, 255, 0.6)","rgba(255, 26, 255, 0.6)","rgba(40, 50, 50, 0.6)","rgba(218, 154, 0, 0.6)","rgba(255, 114, 183, 0.6)","rgba(97, 33, 255, 0.6)"],["rgb(179, 223, 114)","rgb(179, 223, 114)","rgb(179, 223, 114)","rgb(179, 223, 114)","rgb(179, 223, 114)","rgb(179, 223, 114)","rgb(179, 223, 114)","rgb(179, 223, 114)","rgb(179, 223, 114)","rgb(179, 223, 114)","rgb(179, 223, 114)"],["rgb(208, 235, 244)","rgb(253, 194, 116)","rgb(248, 141, 82)","rgb(254, 204, 125)","rgb(251, 161, 91)","rgb(208, 235, 244)","rgb(230, 78, 53)","rgb(122, 177, 211)","rgb(236, 248, 225)","rgb(144, 195, 221)","rgb(93, 145, 195)"],["rgb(230, 78, 53)","rgb(246, 122, 73)","rgb(247, 128, 76)","rgb(248, 135, 79)","rgb(253, 174, 97)","rgb(254, 199, 120)","rgb(254, 209, 130)","rgb(254, 224, 144)","rgb(254, 227, 149)","rgb(116, 173, 209)","rgb(93, 145, 195)"]]}}},[0]],"label":"Sort by word count","method":"restyle"}],"direction":"down","y":1}]},                        {"responsive": true}                    )                };                            </script>        </div><center><h1>Summary statistics</h1></center><div>                        <script type="text/javascript">window.PlotlyConfig = {MathJaxConfig: 'local'};</script>
        <script src="https://cdn.plot.ly/plotly-2.6.3.min.js"></script>                <div id="101f92fe-2a57-407c-b52b-39f99f112e2d" class="plotly-graph-div" style="height:100%; width:100%;"></div>            <script type="text/javascript">                                    window.PLOTLYENV=window.PLOTLYENV || {};                                    if (document.getElementById("101f92fe-2a57-407c-b52b-39f99f112e2d")) {                    Plotly.newPlot(                        "101f92fe-2a57-407c-b52b-39f99f112e2d",                        [{"cells":{"fill":{"color":[["rgba(55, 174, 255, 0.6)","rgba(255, 114, 183, 0.6)","rgba(33, 200, 33, 0.6)","rgba(255, 15, 15, 0.6)","rgba(255, 26, 255, 0.6)","rgba(40, 50, 50, 0.6)","rgba(218, 154, 0, 0.6)","rgba(140, 15, 160, 0.6)","rgba(255, 122, 70, 0.6)","rgba(97, 33, 255, 0.6)","rgba(0, 192, 166, 0.6)"],["rgb(192, 227, 239)","rgb(219, 240, 246)","rgb(254, 219, 139)","rgb(254, 214, 135)","rgb(208, 235, 244)","rgb(255, 252, 186)","rgb(255, 255, 191)","rgb(230, 78, 53)","rgb(240, 249, 220)","rgb(246, 251, 208)","rgb(93, 145, 195)"],["rgb(255, 241, 169)","rgb(237, 47, 34)","rgb(255, 235, 155)","rgb(254, 227, 138)","rgb(254, 186, 84)","rgb(254, 208, 108)","rgb(254, 180, 78)","rgb(255, 255, 204)","rgb(255, 241, 169)","rgb(254, 183, 81)","rgb(254, 223, 131)"],["palegreen","palegreen","palegreen","palegreen","palegreen","palegreen","palegreen","mistyrose","palegreen","palegreen","mistyrose"],["rgb(254, 220, 125)","rgb(255, 235, 155)","rgb(254, 222, 128)","rgb(254, 217, 118)","rgb(255, 230, 145)","rgb(255, 251, 193)","rgb(255, 254, 200)","rgb(237, 47, 34)","rgb(255, 251, 193)","rgb(255, 255, 204)","rgb(252, 96, 47)"]]},"values":[["Section A","Section B","Section C","Section D","Section E","Section F","Section G","Section H","Section I","Section J","Section K"],[3.361,3.343,3.259,3.253,3.349,3.297,3.302,3.165,3.321,3.313,3.433],[0.281,0.432,0.292,0.304,0.344,0.325,0.348,0.253,0.281,0.346,0.307],[0.61084,0.79001,0.6307,0.60294,0.72266,0.91092,0.95581,0.15394,0.90853,0.96711,0.25503],[0.16356,0.10567,-0.15503,-0.17571,0.12549,-0.03781,-0.02123,-0.45136,0.03723,0.01459,0.38702]]},"header":{"values":["Section ID","Mean score","Standard Deviation","p-values","effect size"]},"hoverinfo":"all","type":"table"}],                        {"template":{"data":{"bar":[{"error_x":{"color":"#2a3f5f"},"error_y":{"color":"#2a3f5f"},"marker":{"line":{"color":"#E5ECF6","width":0.5},"pattern":{"fillmode":"overlay","size":10,"solidity":0.2}},"type":"bar"}],"barpolar":[{"marker":{"line":{"color":"#E5ECF6","width":0.5},"pattern":{"fillmode":"overlay","size":10,"solidity":0.2}},"type":"barpolar"}],"carpet":[{"aaxis":{"endlinecolor":"#2a3f5f","gridcolor":"white","linecolor":"white","minorgridcolor":"white","startlinecolor":"#2a3f5f"},"baxis":{"endlinecolor":"#2a3f5f","gridcolor":"white","linecolor":"white","minorgridcolor":"white","startlinecolor":"#2a3f5f"},"type":"carpet"}],"choropleth":[{"colorbar":{"outlinewidth":0,"ticks":""},"type":"choropleth"}],"contour":[{"colorbar":{"outlinewidth":0,"ticks":""},"colorscale":[[0.0,"#0d0887"],[0.1111111111111111,"#46039f"],[0.2222222222222222,"#7201a8"],[0.3333333333333333,"#9c179e"],[0.4444444444444444,"#bd3786"],[0.5555555555555556,"#d8576b"],[0.6666666666666666,"#ed7953"],[0.7777777777777778,"#fb9f3a"],[0.8888888888888888,"#fdca26"],[1.0,"#f0f921"]],"type":"contour"}],"contourcarpet":[{"colorbar":{"outlinewidth":0,"ticks":""},"type":"contourcarpet"}],"heatmap":[{"colorbar":{"outlinewidth":0,"ticks":""},"colorscale":[[0.0,"#0d0887"],[0.1111111111111111,"#46039f"],[0.2222222222222222,"#7201a8"],[0.3333333333333333,"#9c179e"],[0.4444444444444444,"#bd3786"],[0.5555555555555556,"#d8576b"],[0.6666666666666666,"#ed7953"],[0.7777777777777778,"#fb9f3a"],[0.8888888888888888,"#fdca26"],[1.0,"#f0f921"]],"type":"heatmap"}],"heatmapgl":[{"colorbar":{"outlinewidth":0,"ticks":""},"colorscale":[[0.0,"#0d0887"],[0.1111111111111111,"#46039f"],[0.2222222222222222,"#7201a8"],[0.3333333333333333,"#9c179e"],[0.4444444444444444,"#bd3786"],[0.5555555555555556,"#d8576b"],[0.6666666666666666,"#ed7953"],[0.7777777777777778,"#fb9f3a"],[0.8888888888888888,"#fdca26"],[1.0,"#f0f921"]],"type":"heatmapgl"}],"histogram":[{"marker":{"pattern":{"fillmode":"overlay","size":10,"solidity":0.2}},"type":"histogram"}],"histogram2d":[{"colorbar":{"outlinewidth":0,"ticks":""},"colorscale":[[0.0,"#0d0887"],[0.1111111111111111,"#46039f"],[0.2222222222222222,"#7201a8"],[0.3333333333333333,"#9c179e"],[0.4444444444444444,"#bd3786"],[0.5555555555555556,"#d8576b"],[0.6666666666666666,"#ed7953"],[0.7777777777777778,"#fb9f3a"],[0.8888888888888888,"#fdca26"],[1.0,"#f0f921"]],"type":"histogram2d"}],"histogram2dcontour":[{"colorbar":{"outlinewidth":0,"ticks":""},"colorscale":[[0.0,"#0d0887"],[0.1111111111111111,"#46039f"],[0.2222222222222222,"#7201a8"],[0.3333333333333333,"#9c179e"],[0.4444444444444444,"#bd3786"],[0.5555555555555556,"#d8576b"],[0.6666666666666666,"#ed7953"],[0.7777777777777778,"#fb9f3a"],[0.8888888888888888,"#fdca26"],[1.0,"#f0f921"]],"type":"histogram2dcontour"}],"mesh3d":[{"colorbar":{"outlinewidth":0,"ticks":""},"type":"mesh3d"}],"parcoords":[{"line":{"colorbar":{"outlinewidth":0,"ticks":""}},"type":"parcoords"}],"pie":[{"automargin":true,"type":"pie"}],"scatter":[{"marker":{"colorbar":{"outlinewidth":0,"ticks":""}},"type":"scatter"}],"scatter3d":[{"line":{"colorbar":{"outlinewidth":0,"ticks":""}},"marker":{"colorbar":{"outlinewidth":0,"ticks":""}},"type":"scatter3d"}],"scattercarpet":[{"marker":{"colorbar":{"outlinewidth":0,"ticks":""}},"type":"scattercarpet"}],"scattergeo":[{"marker":{"colorbar":{"outlinewidth":0,"ticks":""}},"type":"scattergeo"}],"scattergl":[{"marker":{"colorbar":{"outlinewidth":0,"ticks":""}},"type":"scattergl"}],"scattermapbox":[{"marker":{"colorbar":{"outlinewidth":0,"ticks":""}},"type":"scattermapbox"}],"scatterpolar":[{"marker":{"colorbar":{"outlinewidth":0,"ticks":""}},"type":"scatterpolar"}],"scatterpolargl":[{"marker":{"colorbar":{"outlinewidth":0,"ticks":""}},"type":"scatterpolargl"}],"scatterternary":[{"marker":{"colorbar":{"outlinewidth":0,"ticks":""}},"type":"scatterternary"}],"surface":[{"colorbar":{"outlinewidth":0,"ticks":""},"colorscale":[[0.0,"#0d0887"],[0.1111111111111111,"#46039f"],[0.2222222222222222,"#7201a8"],[0.3333333333333333,"#9c179e"],[0.4444444444444444,"#bd3786"],[0.5555555555555556,"#d8576b"],[0.6666666666666666,"#ed7953"],[0.7777777777777778,"#fb9f3a"],[0.8888888888888888,"#fdca26"],[1.0,"#f0f921"]],"type":"surface"}],"table":[{"cells":{"fill":{"color":"#EBF0F8"},"line":{"color":"white"}},"header":{"fill":{"color":"#C8D4E3"},"line":{"color":"white"}},"type":"table"}]},"layout":{"annotationdefaults":{"arrowcolor":"#2a3f5f","arrowhead":0,"arrowwidth":1},"autotypenumbers":"strict","coloraxis":{"colorbar":{"outlinewidth":0,"ticks":""}},"colorscale":{"diverging":[[0,"#8e0152"],[0.1,"#c51b7d"],[0.2,"#de77ae"],[0.3,"#f1b6da"],[0.4,"#fde0ef"],[0.5,"#f7f7f7"],[0.6,"#e6f5d0"],[0.7,"#b8e186"],[0.8,"#7fbc41"],[0.9,"#4d9221"],[1,"#276419"]],"sequential":[[0.0,"#0d0887"],[0.1111111111111111,"#46039f"],[0.2222222222222222,"#7201a8"],[0.3333333333333333,"#9c179e"],[0.4444444444444444,"#bd3786"],[0.5555555555555556,"#d8576b"],[0.6666666666666666,"#ed7953"],[0.7777777777777778,"#fb9f3a"],[0.8888888888888888,"#fdca26"],[1.0,"#f0f921"]],"sequentialminus":[[0.0,"#0d0887"],[0.1111111111111111,"#46039f"],[0.2222222222222222,"#7201a8"],[0.3333333333333333,"#9c179e"],[0.4444444444444444,"#bd3786"],[0.5555555555555556,"#d8576b"],[0.6666666666666666,"#ed7953"],[0.7777777777777778,"#fb9f3a"],[0.8888888888888888,"#fdca26"],[1.0,"#f0f921"]]},"colorway":["#636efa","#EF553B","#00cc96","#ab63fa","#FFA15A","#19d3f3","#FF6692","#B6E880","#FF97FF","#FECB52"],"font":{"color":"#2a3f5f"},"geo":{"bgcolor":"white","lakecolor":"white","landcolor":"#E5ECF6","showlakes":true,"showland":true,"subunitcolor":"white"},"hoverlabel":{"align":"left"},"hovermode":"closest","mapbox":{"style":"light"},"paper_bgcolor":"white","plot_bgcolor":"#E5ECF6","polar":{"angularaxis":{"gridcolor":"white","linecolor":"white","ticks":""},"bgcolor":"#E5ECF6","radialaxis":{"gridcolor":"white","linecolor":"white","ticks":""}},"scene":{"xaxis":{"backgroundcolor":"#E5ECF6","gridcolor":"white","gridwidth":2,"linecolor":"white","showbackground":true,"ticks":"","zerolinecolor":"white"},"yaxis":{"backgroundcolor":"#E5ECF6","gridcolor":"white","gridwidth":2,"linecolor":"white","showbackground":true,"ticks":"","zerolinecolor":"white"},"zaxis":{"backgroundcolor":"#E5ECF6","gridcolor":"white","gridwidth":2,"linecolor":"white","showbackground":true,"ticks":"","zerolinecolor":"white"}},"shapedefaults":{"line":{"color":"#2a3f5f"}},"ternary":{"aaxis":{"gridcolor":"white","linecolor":"white","ticks":""},"baxis":{"gridcolor":"white","linecolor":"white","ticks":""},"bgcolor":"#E5ECF6","caxis":{"gridcolor":"white","linecolor":"white","ticks":""}},"title":{"x":0.05},"xaxis":{"automargin":true,"gridcolor":"white","linecolor":"white","ticks":"","title":{"standoff":15},"zerolinecolor":"white","zerolinewidth":2},"yaxis":{"automargin":true,"gridcolor":"white","linecolor":"white","ticks":"","title":{"standoff":15},"zerolinecolor":"white","zerolinewidth":2}}},"updatemenus":[{"buttons":[{"args":[{"cells":{"values":[["Section A","Section B","Section C","Section D","Section E","Section F","Section G","Section H","Section I","Section J","Section K"],[3.361,3.343,3.259,3.253,3.349,3.297,3.302,3.165,3.321,3.313,3.433],[0.281,0.432,0.292,0.304,0.344,0.325,0.348,0.253,0.281,0.346,0.307],[0.61084,0.79001,0.6307,0.60294,0.72266,0.91092,0.95581,0.15394,0.90853,0.96711,0.25503],[0.16356,0.10567,-0.15503,-0.17571,0.12549,-0.03781,-0.02123,-0.45136,0.03723,0.01459,0.38702]],"fill":{"color":[["rgba(55, 174, 255, 0.6)","rgba(255, 114, 183, 0.6)","rgba(33, 200, 33, 0.6)","rgba(255, 15, 15, 0.6)","rgba(255, 26, 255, 0.6)","rgba(40, 50, 50, 0.6)","rgba(218, 154, 0, 0.6)","rgba(140, 15, 160, 0.6)","rgba(255, 122, 70, 0.6)","rgba(97, 33, 255, 0.6)","rgba(0, 192, 166, 0.6)"],["rgb(192, 227, 239)","rgb(219, 240, 246)","rgb(254, 219, 139)","rgb(254, 214, 135)","rgb(208, 235, 244)","rgb(255, 252, 186)","rgb(255, 255, 191)","rgb(230, 78, 53)","rgb(240, 249, 220)","rgb(246, 251, 208)","rgb(93, 145, 195)"],["rgb(255, 241, 169)","rgb(237, 47, 34)","rgb(255, 235, 155)","rgb(254, 227, 138)","rgb(254, 186, 84)","rgb(254, 208, 108)","rgb(254, 180, 78)","rgb(255, 255, 204)","rgb(255, 241, 169)","rgb(254, 183, 81)","rgb(254, 223, 131)"],["palegreen","palegreen","palegreen","palegreen","palegreen","palegreen","palegreen","mistyrose","palegreen","palegreen","mistyrose"],["rgb(254, 220, 125)","rgb(255, 235, 155)","rgb(254, 222, 128)","rgb(254, 217, 118)","rgb(255, 230, 145)","rgb(255, 251, 193)","rgb(255, 254, 200)","rgb(237, 47, 34)","rgb(255, 251, 193)","rgb(255, 255, 204)","rgb(252, 96, 47)"]]}}},[0]],"label":"Sort by section ID","method":"restyle"},{"args":[{"cells":{"values":[["Section H","Section D","Section C","Section F","Section G","Section J","Section I","Section B","Section E","Section A","Section K"],[3.165,3.253,3.259,3.297,3.302,3.313,3.321,3.343,3.349,3.361,3.433],[0.253,0.304,0.292,0.325,0.348,0.346,0.281,0.432,0.344,0.281,0.307],[0.15394,0.60294,0.6307,0.91092,0.95581,0.96711,0.90853,0.79001,0.72266,0.61084,0.25503],[-0.45136,-0.17571,-0.15503,-0.03781,-0.02123,0.01459,0.03723,0.10567,0.12549,0.16356,0.38702]],"fill":{"color":[["rgba(140, 15, 160, 0.6)","rgba(255, 15, 15, 0.6)","rgba(33, 200, 33, 0.6)","rgba(40, 50, 50, 0.6)","rgba(218, 154, 0, 0.6)","rgba(97, 33, 255, 0.6)","rgba(255, 122, 70, 0.6)","rgba(255, 114, 183, 0.6)","rgba(255, 26, 255, 0.6)","rgba(55, 174, 255, 0.6)","rgba(0, 192, 166, 0.6)"],["rgb(230, 78, 53)","rgb(254, 214, 135)","rgb(254, 219, 139)","rgb(255, 252, 186)","rgb(255, 255, 191)","rgb(246, 251, 208)","rgb(240, 249, 220)","rgb(219, 240, 246)","rgb(208, 235, 244)","rgb(192, 227, 239)","rgb(93, 145, 195)"],["rgb(255, 255, 204)","rgb(254, 227, 138)","rgb(255, 235, 155)","rgb(254, 208, 108)","rgb(254, 180, 78)","rgb(254, 183, 81)","rgb(255, 241, 169)","rgb(237, 47, 34)","rgb(254, 186, 84)","rgb(255, 241, 169)","rgb(254, 223, 131)"],["mistyrose","palegreen","palegreen","palegreen","palegreen","palegreen","palegreen","palegreen","palegreen","palegreen","mistyrose"],["rgb(237, 47, 34)","rgb(254, 217, 118)","rgb(254, 222, 128)","rgb(255, 251, 193)","rgb(255, 254, 200)","rgb(255, 255, 204)","rgb(255, 251, 193)","rgb(255, 235, 155)","rgb(255, 230, 145)","rgb(254, 220, 125)","rgb(252, 96, 47)"]]}}},[0]],"label":"Sort by mean","method":"restyle"},{"args":[{"cells":{"values":[["Section H","Section A","Section I","Section C","Section D","Section K","Section F","Section E","Section J","Section G","Section B"],[3.165,3.361,3.321,3.259,3.253,3.433,3.297,3.349,3.313,3.302,3.343],[0.253,0.281,0.281,0.292,0.304,0.307,0.325,0.344,0.346,0.348,0.432],[0.15394,0.61084,0.90853,0.6307,0.60294,0.25503,0.91092,0.72266,0.96711,0.95581,0.79001],[-0.45136,0.16356,0.03723,-0.15503,-0.17571,0.38702,-0.03781,0.12549,0.01459,-0.02123,0.10567]],"fill":{"color":[["rgba(140, 15, 160, 0.6)","rgba(55, 174, 255, 0.6)","rgba(255, 122, 70, 0.6)","rgba(33, 200, 33, 0.6)","rgba(255, 15, 15, 0.6)","rgba(0, 192, 166, 0.6)","rgba(40, 50, 50, 0.6)","rgba(255, 26, 255, 0.6)","rgba(97, 33, 255, 0.6)","rgba(218, 154, 0, 0.6)","rgba(255, 114, 183, 0.6)"],["rgb(230, 78, 53)","rgb(192, 227, 239)","rgb(240, 249, 220)","rgb(254, 219, 139)","rgb(254, 214, 135)","rgb(93, 145, 195)","rgb(255, 252, 186)","rgb(208, 235, 244)","rgb(246, 251, 208)","rgb(255, 255, 191)","rgb(219, 240, 246)"],["rgb(255, 255, 204)","rgb(255, 241, 169)","rgb(255, 241, 169)","rgb(255, 235, 155)","rgb(254, 227, 138)","rgb(254, 223, 131)","rgb(254, 208, 108)","rgb(254, 186, 84)","rgb(254, 183, 81)","rgb(254, 180, 78)","rgb(237, 47, 34)"],["mistyrose","palegreen","palegreen","palegreen","palegreen","mistyrose","palegreen","palegreen","palegreen","palegreen","palegreen"],["rgb(237, 47, 34)","rgb(254, 220, 125)","rgb(255, 251, 193)","rgb(254, 222, 128)","rgb(254, 217, 118)","rgb(252, 96, 47)","rgb(255, 251, 193)","rgb(255, 230, 145)","rgb(255, 255, 204)","rgb(255, 254, 200)","rgb(255, 235, 155)"]]}}},[0]],"label":"Sort by standard deviation","method":"restyle"},{"args":[{"cells":{"values":[["Section H","Section K","Section D","Section A","Section C","Section E","Section B","Section I","Section F","Section G","Section J"],[3.165,3.433,3.253,3.361,3.259,3.349,3.343,3.321,3.297,3.302,3.313],[0.253,0.307,0.304,0.281,0.292,0.344,0.432,0.281,0.325,0.348,0.346],[0.15394,0.25503,0.60294,0.61084,0.6307,0.72266,0.79001,0.90853,0.91092,0.95581,0.96711],[-0.45136,0.38702,-0.17571,0.16356,-0.15503,0.12549,0.10567,0.03723,-0.03781,-0.02123,0.01459]],"fill":{"color":[["rgba(140, 15, 160, 0.6)","rgba(0, 192, 166, 0.6)","rgba(255, 15, 15, 0.6)","rgba(55, 174, 255, 0.6)","rgba(33, 200, 33, 0.6)","rgba(255, 26, 255, 0.6)","rgba(255, 114, 183, 0.6)","rgba(255, 122, 70, 0.6)","rgba(40, 50, 50, 0.6)","rgba(218, 154, 0, 0.6)","rgba(97, 33, 255, 0.6)"],["rgb(230, 78, 53)","rgb(93, 145, 195)","rgb(254, 214, 135)","rgb(192, 227, 239)","rgb(254, 219, 139)","rgb(208, 235, 244)","rgb(219, 240, 246)","rgb(240, 249, 220)","rgb(255, 252, 186)","rgb(255, 255, 191)","rgb(246, 251, 208)"],["rgb(255, 255, 204)","rgb(254, 223, 131)","rgb(254, 227, 138)","rgb(255, 241, 169)","rgb(255, 235, 155)","rgb(254, 186, 84)","rgb(237, 47, 34)","rgb(255, 241, 169)","rgb(254, 208, 108)","rgb(254, 180, 78)","rgb(254, 183, 81)"],["mistyrose","mistyrose","palegreen","palegreen","palegreen","palegreen","palegreen","palegreen","palegreen","palegreen","palegreen"],["rgb(237, 47, 34)","rgb(252, 96, 47)","rgb(254, 217, 118)","rgb(254, 220, 125)","rgb(254, 222, 128)","rgb(255, 230, 145)","rgb(255, 235, 155)","rgb(255, 251, 193)","rgb(255, 251, 193)","rgb(255, 254, 200)","rgb(255, 255, 204)"]]}}},[0]],"label":"Sort by p-value","method":"restyle"},{"args":[{"cells":{"values":[["Section H","Section D","Section C","Section F","Section G","Section J","Section I","Section B","Section E","Section A","Section K"],[3.165,3.253,3.259,3.297,3.302,3.313,3.321,3.343,3.349,3.361,3.433],[0.253,0.304,0.292,0.325,0.348,0.346,0.281,0.432,0.344,0.281,0.307],[0.15394,0.60294,0.6307,0.91092,0.95581,0.96711,0.90853,0.79001,0.72266,0.61084,0.25503],[-0.45136,-0.17571,-0.15503,-0.03781,-0.02123,0.01459,0.03723,0.10567,0.12549,0.16356,0.38702]],"fill":{"color":[["rgba(140, 15, 160, 0.6)","rgba(255, 15, 15, 0.6)","rgba(33, 200, 33, 0.6)","rgba(40, 50, 50, 0.6)","rgba(218, 154, 0, 0.6)","rgba(97, 33, 255, 0.6)","rgba(255, 122, 70, 0.6)","rgba(255, 114, 183, 0.6)","rgba(255, 26, 255, 0.6)","rgba(55, 174, 255, 0.6)","rgba(0, 192, 166, 0.6)"],["rgb(230, 78, 53)","rgb(254, 214, 135)","rgb(254, 219, 139)","rgb(255, 252, 186)","rgb(255, 255, 191)","rgb(246, 251, 208)","rgb(240, 249, 220)","rgb(219, 240, 246)","rgb(208, 235, 244)","rgb(192, 227, 239)","rgb(93, 145, 195)"],["rgb(255, 255, 204)","rgb(254, 227, 138)","rgb(255, 235, 155)","rgb(254, 208, 108)","rgb(254, 180, 78)","rgb(254, 183, 81)","rgb(255, 241, 169)","rgb(237, 47, 34)","rgb(254, 186, 84)","rgb(255, 241, 169)","rgb(254, 223, 131)"],["mistyrose","palegreen","palegreen","palegreen","palegreen","palegreen","palegreen","palegreen","palegreen","palegreen","mistyrose"],["rgb(237, 47, 34)","rgb(254, 217, 118)","rgb(254, 222, 128)","rgb(255, 251, 193)","rgb(255, 254, 200)","rgb(255, 255, 204)","rgb(255, 251, 193)","rgb(255, 235, 155)","rgb(255, 230, 145)","rgb(254, 220, 125)","rgb(252, 96, 47)"]]}}},[0]],"label":"Sort by effect size","method":"restyle"}],"direction":"down","y":1}]},                        {"responsive": true}                    )                };                            </script>        </div><center><h1>Student average score distributions</h1></center><div>                        <script type="text/javascript">window.PlotlyConfig = {MathJaxConfig: 'local'};</script>
